1 0.0005000036 0.0024999999
2 0.0035616036 0.0025663399
3 0.0052828963 0.00266771
4 0.0084259983 0.00295943
5 0.0124274 0.00353829
6 0.017460997 0.0046071298
7 0.022459897 0.0060842899
8 0.026515799 0.00760167
9 0.029248799 0.0087953201
10 0.031073498 0.00966282
11 0.032345797 0.0102982
12 0.033141496 0.0107252
13 0.033303196 0.0108233
14 0.032897497 0.01061
15 0.0321802 0.0102339
16 0.031423199 0.009842
17 0.030736903 0.0094996504
18 0.029922399 0.0091177505
19 0.029044102 0.0087100202
20 0.028166602 0.0083182696
21 0.027491803 0.0080198403
22 0.026980798 0.00780279
23 0.026456798 0.00759175
24 0.026019501 0.0074153701
25 0.025743897 0.0073035099
26 0.025616604 0.0072553102
27 0.025564003 0.0072327498
28 0.0255515 0.0072280201
29 0.0255617 0.0072307899
30 0.025555099 0.00723053
31 0.025540503 0.0072222999
32 0.025620202 0.00725591
33 0.025693501 0.0072847302
34 0.025734099 0.0073037799
35 0.025734502 0.0072999801
36 0.025819602 0.0073360601
37 0.025846603 0.0073457598
38 0.025813403 0.00733168
39 0.025779198 0.0073199798
40 0.025687198 0.00728577
41 0.025666903 0.0072789299
