0 -0.19 0.05 0.005
0.01 -0.189002 0.05 0.00500709
0.02 -0.186261 0.0500005 0.00510039
0.03 -0.182146 0.050002 0.00544439
0.04 -0.176387 0.0500059 0.00634725
0.05 -0.169298 0.0500108 0.00815468
0.06 -0.16384 0.0500149 0.0101081
0.07 -0.158636 0.0500261 0.0124747
0.08 -0.154529 0.0500358 0.0147569
0.09 -0.151612 0.0500401 0.0166242
0.1 -0.149052 0.0500364 0.0184408
0.11 -0.147625 0.0500226 0.0195317
0.12 -0.146294 0.0500578 0.0206293
0.13 -0.146043 0.0500522 0.0208574
0.14 -0.145285 0.0500462 0.021537
0.15 -0.145223 0.0500522 0.0215931
0.16 -0.145104 0.0500182 0.0216639
0.17 -0.145369 0.0500182 0.0214334
0.18 -0.145842 0.050015 0.0210387
0.19 -0.14621 0.0500586 0.0207635
0.2 -0.146721 0.0500449 0.0203592
0.21 -0.146835 0.0500096 0.0202319
0.22 -0.147532 0.0500348 0.0197019
0.23 -0.148056 0.0500403 0.0192802
0.24 -0.148485 0.0500444 0.0189581
0.25 -0.148842 0.0500466 0.0186876
0.26 -0.14917 0.0500179 0.018439
0.27 -0.149478 0.0500219 0.0182215
0.28 -0.149824 0.0500213 0.0179675
0.29 -0.150304 0.0500246 0.0176214
0.3 -0.150382 0.0500285 0.0175788
0.31 -0.150799 0.0500393 0.0172845
0.32 -0.15102 0.0500393 0.0171198
0.33 -0.151324 0.0500366 0.0169216
0.34 -0.151662 0.0500408 0.016692
0.35 -0.15187 0.0500406 0.0165606
0.36 -0.15203 0.0500425 0.0164548
0.37 -0.152143 0.0500377 0.0163801
0.38 -0.152296 0.0500387 0.0162835
0.39 -0.152474 0.0500465 0.0161655
0.4 -0.152598 0.0500479 0.0160931