0.01 -1.74999 1.0499 
0.02 -1.74975 1.0497 
0.03 -1.74953 1.0494 
0.04 -1.74859 1.04904 
0.05 -1.7477 1.04858 
0.06 -1.74656 1.04837 
0.07 -1.74546 1.04809 
0.08 -1.74368 1.04772 
0.09 -1.74195 1.04738 
0.1 -1.73982 1.047 
0.11 -1.73776 1.04657 
0.12 -1.73551 1.04602 
0.13 -1.73333 1.04537 
0.14 -1.73044 1.04461 
0.15 -1.72761 1.04376 
0.16 -1.72467 1.0428 
0.17 -1.72181 1.04176 
0.18 -1.71822 1.04073 
0.19 -1.71473 1.03967 
0.2 -1.7109 1.03861 
0.21 -1.70717 1.03746 
0.22 -1.70287 1.03634 
0.23 -1.69867 1.03511 
0.24 -1.69389 1.03394 
0.25 -1.6892 1.03266 
0.26 -1.68447 1.0314 
0.27 -1.67959 1.03003 
0.28 -1.67412 1.02867 
0.29 -1.66855 1.02721 
0.3 -1.66307 1.02574 
0.31 -1.65768 1.02418 
0.32 -1.65157 1.02265 
0.33 -1.64552 1.02102 
0.34 -1.63935 1.01943 
0.35 -1.63318 1.01775 
0.36 -1.62633 1.01615 
0.37 -1.61937 1.01445 
0.38 -1.61251 1.01282 
0.39 -1.60572 1.01109 
0.4 -1.59844 1.00943 
0.41 -1.59096 1.00767 
0.42 -1.58322 1.00596 
0.43 -1.57552 1.00415 
0.44 -1.56775 1.00239 
0.45 -1.55996 1.00054 
0.46 -1.55133 0.998758 
0.47 -1.5428 0.996882 
0.48 -1.53431 0.995036 
0.49 -1.52586 0.993096 
0.5 -1.51712 0.991207 
0.51 -1.5084 0.989221 
0.52 -1.49956 0.987283 
0.53 -1.49071 0.985253 
0.54 -1.48133 0.983283 
0.55 -1.47201 0.981216 
0.56 -1.46248 0.979209 
0.565 -1.45773 0.978183 
0.57 -1.45298 0.9773 
0.58 -1.44352 0.975437 
0.59 -1.43372 0.973594 
0.595 -1.42882 0.972651 
0.6 -1.42385 0.971817 
0.605 -1.41889 0.970958 
0.61 -1.41392 0.970172 
0.615 -1.40896 0.969362 
0.62 -1.4039 0.968586 
0.625 -1.39887 0.967787 
0.63 -1.39383 0.966995 
0.635 -1.38881 0.966182 
0.64 -1.38364 0.965347 
0.645 -1.37848 0.964489 
0.65 -1.37324 0.963607 
0.655 -1.36802 0.9627 
0.66 -1.36281 0.96177 
0.665 -1.35743 0.960817 
0.67 -1.35205 0.959839 
0.675 -1.34655 0.958839 
0.68 -1.34099 0.957815 
0.685 -1.33541 0.956775 
0.69 -1.32986 0.955712 
0.695 -1.32431 0.954642 
0.7 -1.3188 0.953553 
0.705 -1.31331 0.952455 
0.71 -1.30784 0.951343 
0.715 -1.30239 0.950281 
0.72 -1.29695 0.949223 
0.725 -1.29151 0.948226 
0.73 -1.28609 0.947246 
0.735 -1.28059 0.946287 
0.74 -1.2751 0.945309 
0.745 -1.26958 0.944354 
0.75 -1.26406 0.943396 
0.755 -1.25855 0.942501 
0.76 -1.25305 0.94161 
0.765 -1.24754 0.940707 
0.77 -1.242 0.939792 
0.775 -1.23628 0.938881 
0.78 -1.23057 0.938019 
0.785 -1.22474 0.937145 
0.79 -1.21892 0.936326 
0.795 -1.21309 0.935507 
0.8 -1.20725 0.934748 
0.805 -1.20136 0.934035 
0.81 -1.19548 0.933335 
0.815 -1.18955 0.932789 
0.82 -1.18361 0.932209 
0.825 -1.17764 0.931622 
0.83 -1.17168 0.930999 
0.835 -1.16569 0.93038 
0.84 -1.15969 0.929867 
0.845 -1.15368 0.929301 
0.85 -1.14764 0.928693 
0.855 -1.14162 0.928065 
0.86 -1.13554 0.92743 
0.865 -1.12945 0.926785 
0.87 -1.12336 0.926141 
0.875 -1.11726 0.925494 
0.88 -1.11112 0.924843 
0.885 -1.10499 0.924272 
0.89 -1.09883 0.923743 
0.895 -1.09267 0.923203 
0.9 -1.08648 0.922713 
0.905 -1.08022 0.922178 
0.91 -1.07394 0.921609 
0.915 -1.06764 0.921001 
0.92 -1.06132 0.920353 
0.925 -1.055 0.919669 
0.93 -1.04866 0.918949 
0.935 -1.04233 0.918193 
0.94 -1.03599 0.917404 
0.945 -1.02964 0.916582 
0.95 -1.02329 0.915726 
0.955 -1.01694 0.914839 
0.96 -1.01057 0.91392 
0.965 -1.00421 0.912969 
0.97 -0.997841 0.911988 
0.975 -0.99148 0.910976 
0.98 -0.985037 0.909933 
0.985 -0.978596 0.908861 
0.99 -0.972112 0.907759 
0.995 -0.965632 0.906628 
1 -0.959141 0.905468 
1.005 -0.952649 0.904279 
1.01 -0.946165 0.903061 
1.015 -0.939678 0.901815 
1.02 -0.933158 0.90054 
1.025 -0.926633 0.899237 
1.03 -0.920089 0.897906 
1.035 -0.913536 0.896547 
1.04 -0.906935 0.89516 
1.045 -0.900348 0.893746 
1.05 -0.893775 0.892304 
1.055 -0.887207 0.890835 
1.06 -0.880619 0.889338 
1.065 -0.874034 0.887814 
1.07 -0.867449 0.886264 
1.075 -0.860867 0.884686 
1.08 -0.854287 0.883082 
1.085 -0.847709 0.881451 
1.09 -0.841013 0.879794 
1.095 -0.834331 0.878112 
1.1 -0.827661 0.876409 
1.105 -0.821001 0.874685 
1.11 -0.814348 0.872946 
1.115 -0.8077 0.871199 
1.12 -0.801057 0.869463 
1.125 -0.794389 0.867771 
1.13 -0.78772 0.866184 
1.135 -0.780915 0.865054 
1.14 -0.77412 0.864055 
1.145 -0.767333 0.86318 
1.15 -0.760554 0.862341 
1.155 -0.753781 0.8616 
1.16 -0.747011 0.860856 
1.165 -0.740245 0.860102 
1.17 -0.733484 0.85932 
1.175 -0.726723 0.858537 
1.18 -0.719939 0.857752 
1.185 -0.713109 0.857011 
1.19 -0.70629 0.856314 
1.195 -0.699478 0.855696 
1.2 -0.692674 0.855183 
1.205 -0.685836 0.854662 
1.21 -0.678988 0.854174 
1.215 -0.672134 0.853645 
1.22 -0.665277 0.853077 
1.225 -0.658385 0.852472 
1.23 -0.651503 0.851834 
1.235 -0.644627 0.851163 
1.24 -0.63774 0.850461 
1.245 -0.630826 0.849736 
1.25 -0.623912 0.848988 
1.255 -0.616984 0.848215 
1.26 -0.610059 0.847428 
1.265 -0.603126 0.84662 
1.27 -0.596199 0.845786 
1.275 -0.589276 0.844927 
1.28 -0.582357 0.844078 
1.285 -0.575418 0.843224 
1.29 -0.568481 0.842334 
1.295 -0.561489 0.84141 
1.3 -0.554505 0.840454 
1.305 -0.547528 0.839468 
1.31 -0.540557 0.838452 
1.315 -0.53359 0.837409 
1.32 -0.526608 0.836337 
1.325 -0.519617 0.83524 
1.33 -0.512619 0.834116 
1.335 -0.5056 0.832966 
1.34 -0.498591 0.831793 
1.345 -0.491588 0.830602 
1.35 -0.484579 0.829393 
1.355 -0.47754 0.828202 
1.36 -0.470503 0.827392 
1.365 -0.463455 0.826706 
1.37 -0.456407 0.826001 
1.375 -0.449364 0.825271 
1.38 -0.442329 0.824517 
1.385 -0.43527 0.823737 
1.392 -0.425389 0.822595 
1.396 -0.419711 0.821926 
1.4 -0.414033 0.821241 
1.40693 -0.40418 0.820005 
1.41391 -0.394276 0.818713 
1.41891 -0.387187 0.817762 
1.42582 -0.377387 0.816401 
1.43272 -0.367555 0.815003 
1.43968 -0.357656 0.813551 
1.44667 -0.347703 0.812046 
1.45 -0.342969 0.811322 
1.45691 -0.333137 0.809791 
1.46382 -0.323269 0.808327 
1.47077 -0.313347 0.807121 
1.47774 -0.30335 0.805872 
1.4847 -0.293388 0.804582 
1.49165 -0.283437 0.803244 
1.49583 -0.277451 0.802426 
1.5 -0.271462 0.801592 
1.50695 -0.261486 0.80016 
1.5139 -0.251505 0.798685 
1.52085 -0.241534 0.797165 
1.5278 -0.231565 0.795628 
1.53474 -0.221554 0.794047 
1.54168 -0.21156 0.792419 
1.54584 -0.205532 0.791423 
1.55 -0.199511 0.790409 
1.55689 -0.189553 0.78873 
1.56378 -0.179604 0.787488 
1.57069 -0.169638 0.786233 
1.57761 -0.159643 0.784951 
1.58451 -0.14966 0.78367 
1.59141 -0.139692 0.782351 
1.59571 -0.133467 0.781514 
1.6 -0.12723 0.780659 
1.60688 -0.117218 0.779241 
1.61376 -0.107224 0.777776 
1.62063 -0.0972065 0.77626 
1.62749 -0.0872181 0.774695 
1.63435 -0.0772371 0.773081 
1.64122 -0.0672276 0.771418 
1.64561 -0.0608217 0.77034 
1.65 -0.0544166 0.769247 
1.65684 -0.0444302 0.767695 
1.66368 -0.0344552 0.766301 
1.67052 -0.0244554 0.764851 
1.67735 -0.0144239 0.76335 
1.68415 -0.00445881 0.761807 
1.69094 0.00552233 0.760215 
1.69547 0.0121666 0.759137 
1.7 0.0188099 0.758047 
1.70681 0.0288246 0.756385 
1.71362 0.0388258 0.754813 
1.72041 0.0488359 0.753445 
1.72719 0.0588226 0.752107 
1.73397 0.0688114 0.750745 
1.74076 0.0788145 0.749537 
1.74538 0.0856487 0.748723 
1.75 0.0924787 0.74802 
1.75673 0.102434 0.747036 
1.76348 0.112406 0.746109 
1.77024 0.122392 0.74516 
1.77701 0.132409 0.744191 
1.78376 0.142431 0.743228 
1.7905 0.152422 0.742298 
1.79525 0.15946 0.741638 
1.8 0.166494 0.740968 
1.80675 0.176521 0.740232 
1.81348 0.186528 0.739832 
1.8202 0.19653 0.739439 
1.82691 0.206522 0.739281 
1.83363 0.216506 0.739027 
1.84035 0.226509 0.738684 
1.84707 0.236525 0.738259 
1.85 0.240895 0.738053 
1.8567 0.250881 0.737509 
1.86339 0.260861 0.736897 
1.8701 0.270849 0.73622 
1.87681 0.28088 0.73548 
1.88349 0.290881 0.734684 
1.89018 0.300881 0.733833 
1.89686 0.310878 0.732929 
1.9 0.315564 0.732493 
1.90668 0.32555 0.731516 
1.91337 0.335565 0.730496 
1.92005 0.345563 0.729438 
1.92672 0.35558 0.728348 
1.93339 0.365571 0.727236 
1.94006 0.375558 0.726133 
1.94673 0.385568 0.725039 
1.95 0.39048 0.724527 
1.95665 0.400463 0.723604 
1.96329 0.410448 0.723385 
1.96994 0.420429 0.723114 
1.97658 0.430429 0.722825 
1.98323 0.440429 0.72249 
1.98987 0.450427 0.722108 
1.99651 0.460421 0.721677 
2 0.465677 0.721436 
2.00664 0.475679 0.720925 
2.01328 0.485686 0.720364 
2.01991 0.495674 0.719752 
2.02653 0.505683 0.719088 
2.03316 0.515679 0.718375 
2.03978 0.525669 0.71761 
2.0464 0.535677 0.716794 
2.05 0.541114 0.716335 
2.0566 0.551095 0.715442 
2.06321 0.561089 0.714498 
2.06982 0.571083 0.713505 
2.07643 0.581093 0.712462 
2.08304 0.591092 0.711371 
2.08964 0.601094 0.710232 
2.09624 0.611104 0.709045 
2.1 0.616799 0.708352 
2.10658 0.626785 0.707093 
2.11317 0.636787 0.705784 
2.11975 0.646772 0.704431 
2.12633 0.65677 0.703032 
2.13292 0.666768 0.701588 
2.13949 0.676761 0.700099 
2.14607 0.686755 0.698568 
2.15 0.692732 0.697638 
2.15656 0.70271 0.696044 
2.16313 0.712689 0.694411 
2.16971 0.722687 0.692739 
2.17629 0.7327 0.691033 
2.18285 0.742693 0.6893 
2.18942 0.752699 0.687543 
2.19598 0.762692 0.685768 
2.2 0.768818 0.684685 
2.20655 0.77879 0.682922 
2.2131 0.788766 0.681618 
2.21963 0.798728 0.680558 
2.22616 0.808692 0.679612 
2.23271 0.818675 0.678671 
2.23925 0.828675 0.677882 
2.2458 0.838671 0.677196 
2.25 0.845084 0.676892 
2.25654 0.85507 0.676393 
2.26308 0.865064 0.676048 
2.26961 0.875044 0.675725 
2.27613 0.885014 0.675448 
2.28265 0.894986 0.675128 
2.28916 0.904962 0.674759 
2.29569 0.914957 0.674392 
2.3 0.921559 0.674129 
2.30652 0.931543 0.673684 
2.31303 0.94153 0.67319 
2.31955 0.951538 0.672656 
2.32607 0.96153 0.672075 
2.33258 0.971524 0.671447 
2.33908 0.981497 0.670773 
2.34558 0.991472 0.670057 
2.35 0.998261 0.66955 
2.3565 1.00824 0.66876 
2.36301 1.01824 0.667925 
2.36951 1.02825 0.667047 
2.376 1.03822 0.666126 
2.38249 1.0482 0.665161 
2.38898 1.05819 0.664152 
2.39547 1.06817 0.6631 
2.4 1.07514 0.662343 
2.40649 1.08513 0.661216 
2.41297 1.0951 0.660048 
2.41944 1.1051 0.658837 
2.42591 1.11507 0.657585 
2.43238 1.12504 0.65629 
2.43885 1.13501 0.654953 
2.44531 1.14498 0.653577 
2.45 1.15222 0.652559 
2.45646 1.1622 0.651117 
2.46293 1.17219 0.649642 
2.46939 1.18217 0.648142 
2.47585 1.19215 0.646662 
2.48229 1.20211 0.645247 
2.48874 1.21208 0.643863 
2.49517 1.22203 0.642528 
2.5 1.2295 0.641623 
2.50645 1.23947 0.640418 
2.51289 1.24944 0.639222 
2.51934 1.25943 0.638004 
2.52578 1.2694 0.636772 
2.53222 1.27937 0.635624 
2.53866 1.28935 0.634466 
2.5451 1.29932 0.633331 
2.55 1.30692 0.632504 
2.55643 1.31689 0.631504 
2.56285 1.32684 0.630548 
2.56927 1.3368 0.629614 
2.57568 1.34673 0.628729 
2.58209 1.35669 0.627824 
2.58851 1.36666 0.626886 
2.59491 1.3766 0.625919 
2.6 1.3845 0.62513 
2.60641 1.39446 0.624106 
2.61281 1.40442 0.623059 
2.61921 1.41438 0.621986 
2.6256 1.42431 0.620888 
2.63199 1.43425 0.619774 
2.63839 1.44421 0.618646 
2.64477 1.45415 0.617534 
2.65 1.46229 0.61662 
2.65639 1.47225 0.615476 
2.66278 1.48219 0.614321 
2.66916 1.49213 0.613131 
2.67553 1.50206 0.61191 
2.68189 1.512 0.610723 
2.68827 1.52194 0.609593 
2.69463 1.53186 0.608473 
2.7 1.54023 0.60753 
2.70637 1.55019 0.606399 
2.71274 1.56013 0.605252 
2.7191 1.57008 0.604116 
2.72545 1.57999 0.602968 
2.7318 1.58992 0.601867 
2.73816 1.59986 0.600814 
2.74451 1.60976 0.59974 
2.75 1.61833 0.598835 
2.75635 1.62822 0.597757 
2.7627 1.63811 0.596649 
2.76906 1.64802 0.595697 
2.77541 1.65793 0.594795 
2.78175 1.66781 0.593979 
2.7881 1.6777 0.593111 
2.79443 1.68759 0.592188 
2.8 1.69634 0.591336 
2.80633 1.70629 0.590323 
2.81267 1.71623 0.58927 
2.81899 1.72618 0.58818 
2.82532 1.73613 0.58705 
2.83165 1.74612 0.585882 
2.83798 1.7561 0.584682 
2.84429 1.76606 0.583452 
2.85 1.77505 0.582323 
2.85632 1.78501 0.581052 
2.86264 1.795 0.579759 
2.86896 1.80499 0.578444 
2.87527 1.81495 0.577112 
2.88158 1.82491 0.575757 
2.88789 1.83487 0.574442 
2.8942 1.84486 0.573107 
2.9 1.85406 0.571978 
2.90629 1.86402 0.570807 
2.91258 1.87399 0.569747 
2.91888 1.88397 0.568766 
2.92518 1.89398 0.567781 
2.93147 1.90397 0.566925 
2.93775 1.91395 0.566013 
2.94403 1.92392 0.565049 
2.95 1.93338 0.564087 
2.95629 1.94341 0.563027 
2.96257 1.9534 0.561927 
2.96884 1.96339 0.560789 
2.97511 1.97335 0.559614 
2.98137 1.98331 0.558402 
2.98765 1.99331 0.557155 
2.99391 2.00331 0.555876 
3 2.01302 0.554606 
3.00625 2.02298 0.553275 
3.0125 2.03293 0.55192 
3.01876 2.04291 0.550538 
3.02502 2.05293 0.54913 
3.03127 2.06293 0.547701 
3.03752 2.0729 0.546267 
3.04377 2.08287 0.544857 
3.05 2.09281 0.543446 
3.05626 2.10285 0.542124 
3.0625 2.11285 0.540815 
3.06874 2.12282 0.539538 
3.07497 2.13278 0.538274 
3.08121 2.14275 0.537014 
3.08746 2.15279 0.535751 
3.09368 2.16278 0.534567 
3.09684 2.16784 0.53413 
3.1 2.17289 0.533693 
3.10624 2.18287 0.532779 
3.11247 2.19283 0.531875 
3.11871 2.20282 0.530983 
3.12495 2.21282 0.530098 
3.13118 2.22281 0.529214 
3.13739 2.23277 0.528382 
3.14361 2.24273 0.527541 
3.1468 2.24786 0.527105 
3.15 2.253 0.526667 
3.15622 2.26302 0.525793 
3.16243 2.273 0.524974 
3.16864 2.28298 0.524117 
3.17486 2.29295 0.523224 
3.18107 2.30294 0.522296 
3.1873 2.31293 0.521437 
3.19352 2.32292 0.520673 
3.19676 2.32812 0.520266 
3.2 2.33332 0.519849 
3.20622 2.3433 0.519013 
3.21243 2.35328 0.518141 
3.21864 2.36328 0.517231 
3.22486 2.37327 0.516285 
3.23106 2.38324 0.515304 
3.23726 2.39321 0.514286 
3.24347 2.40319 0.513232 
3.24673 2.40845 0.512667 
3.25 2.41371 0.512093 
3.25621 2.42372 0.510967 
3.2624 2.43369 0.509809 
3.26859 2.44366 0.508635 
3.27478 2.45364 0.507431 
3.28098 2.46362 0.506611 
3.28717 2.4736 0.505845 
3.29337 2.48361 0.505046 
3.29668 2.48897 0.504608 
3.3 2.49432 0.504158 
3.30618 2.50431 0.50328 
3.31237 2.51429 0.502362 
3.31856 2.52428 0.501407 
3.32474 2.53425 0.500417 
3.33093 2.54423 0.499391 
3.33711 2.5542 0.49833 
3.3433 2.56422 0.497235 
3.34665 2.56964 0.496633 
3.35 2.57506 0.496024 
3.35617 2.58506 0.494872 
3.36233 2.59505 0.493719 
3.36849 2.60503 0.492536 
3.37465 2.61501 0.491341 
3.38082 2.62498 0.490197 
3.38698 2.63496 0.489087 
3.39315 2.64494 0.487934 
3.39658 2.65048 0.487359 
3.4 2.65601 0.486906 
3.40617 2.66604 0.486092 
3.41232 2.67602 0.485266 
3.41847 2.686 0.484445 
3.42463 2.69599 0.483597 
3.43079 2.70597 0.482726 
3.43694 2.71596 0.481834 
3.4431 2.72592 0.480953 
3.44655 2.73147 0.480447 
3.45 2.73696 0.479931 
3.45618 2.74657 0.479063 
3.46228 2.75508 0.478439 
3.46827 2.76225 0.477832 
3.47436 2.76796 0.477302 
3.48034 2.77173 0.476787 
3.48629 2.77353 0.476256 
3.49234 2.77428 0.475688 
3.49617 2.77457 0.47532 
3.5 2.77492 0.474942 
3.50647 2.77487 0.474311 
3.51298 2.77441 0.473649 
3.51952 2.77462 0.472935 
3.52606 2.77512 0.472173 
3.53224 2.77529 0.471409 
3.53765 2.77566 0.470708 
3.54282 2.77599 0.470009 
3.54765 2.77609 0.469328 
3.55 2.77613 0.468991 
3.55456 2.77619 0.468312 
3.55913 2.77624 0.467612 
3.56372 2.77626 0.466885 
3.56834 2.77621 0.466132 
3.57291 2.77608 0.465365 
3.57746 2.77594 0.46458 
3.58202 2.77579 0.463801 
3.58659 2.77561 0.463009 
3.59119 2.7754 0.4622 
3.59578 2.77517 0.461375 
3.6 2.77495 0.460603 
3.60459 2.77469 0.459747 
3.60919 2.77442 0.45888 
3.6138 2.77413 0.458013 
3.61843 2.77382 0.457182 
3.62306 2.7735 0.456354 
3.62771 2.77317 0.455517 
3.63236 2.77282 0.454723 
3.63702 2.77245 0.453912 
3.64169 2.77208 0.453088 
3.64637 2.77169 0.452248 
3.65 2.77139 0.451596 
3.65471 2.77098 0.450822 
3.65943 2.77056 0.450047 
3.66416 2.77013 0.449259 
3.6689 2.76969 0.448496 
3.67365 2.76924 0.447899 
3.67842 2.76878 0.447288 
3.68319 2.76831 0.44666 
3.68798 2.76782 0.453411 
3.69278 2.76733 0.463316 
3.6976 2.76684 0.47322 
3.7 2.76658 0.47816 
3.70484 2.76607 0.488076 
3.70968 2.76555 0.497981 
3.71454 2.76502 0.507886 
3.7194 2.76448 0.517791 
3.72428 2.76522 0.527696 
3.72917 2.76514 0.537601 
3.73408 2.76519 0.547505 
3.73899 2.76492 0.55741 
3.74392 2.76472 0.567314 
3.74696 2.76492 0.57341 
3.75 2.76508 0.579495 
3.75496 2.76481 0.589408 
3.75993 2.76468 0.599313 
3.76492 2.76468 0.609217 
3.76991 2.76482 0.61912 
3.77492 2.7651 0.629023 
3.77995 2.765 0.638926 
3.78498 2.76508 0.648829 
3.79003 2.76495 0.658732 
3.7951 2.76523 0.668634 
3.8 2.76518 0.6782 
3.80509 2.76537 0.688102 
3.81019 2.76526 0.698004 
3.81531 2.76532 0.707905 
3.82045 2.76514 0.717806 
3.82559 2.76505 0.727706 
3.83075 2.7651 0.737606 
3.83593 2.76463 0.747506 
3.84112 2.76444 0.757406 
3.84632 2.76405 0.767305 
3.85 2.76398 0.774283 
3.85523 2.76409 0.784189 
3.86048 2.76418 0.794088 
3.86574 2.76438 0.803986 
3.87102 2.76454 0.813884 
3.87631 2.76481 0.823781 
3.88162 2.76496 0.833678 
3.88694 2.76522 0.843575 
3.89228 2.76515 0.853471 
3.89764 2.76521 0.863367 
3.9 2.76526 0.867729 
3.90539 2.76576 0.877641 
3.91078 2.76601 0.887537 
3.9162 2.76667 0.897432 
3.92162 2.767 0.907327 
3.92707 2.76731 0.917221 
3.93253 2.76747 0.927115 
3.93801 2.76763 0.937009 
3.94351 2.76773 0.946902 
3.94676 2.76782 0.952731 
3.95 2.76789 0.958548 
3.95554 2.76801 0.968453 
3.9611 2.76812 0.978345 
3.96667 2.76826 0.988237 
3.97226 2.76796 0.998129 
3.97787 2.76766 1.00802 
3.98349 2.7675 1.01791 
3.98914 2.76733 1.0278 
3.9948 2.76716 1.03769 
4 2.7671 1.04674 
4.0057 2.76704 1.05663 
4.01142 2.76774 1.06652 
4.01716 2.76828 1.07641 
4.02292 2.76882 1.0863 
4.0287 2.7697 1.09618 
4.03449 2.77063 1.10607 
4.04031 2.77155 1.11596 
4.04615 2.77256 1.12584 
4.05 2.77324 1.13234 
4.05588 2.77422 1.14224 
4.06177 2.77442 1.15212 
4.06769 2.77471 1.16201 
4.07363 2.77521 1.17189 
4.07958 2.77589 1.18177 
4.08559 2.77633 1.19169 
4.09161 2.77664 1.20161 
4.0958 2.7766 1.2085 
4.1 2.77669 1.21537 
4.10608 2.77624 1.22528 
4.11218 2.77615 1.2352 
4.1183 2.77498 1.24512 
4.12445 2.77444 1.25503 
4.13063 2.7744 1.26494 
4.13682 2.77484 1.27486 
4.14304 2.77374 1.28477 
4.14652 2.77334 1.2903 
4.15 2.77354 1.29582 
4.15627 2.77318 1.30574 
4.16257 2.77234 1.31565 
4.1689 2.77265 1.32556 
4.17525 2.77282 1.33547 
4.18162 2.77301 1.34538 
